530100
530102
530116
530115
530135
530134
530154
530160
530184
530188
530199
530201
530205
530227
530226
530244
530243
530241
530242
530264
530265
530289
530293
530291
530292
530311
530303
530307
530330
530328
530327
530332
530334
530346
530343
530345
530342
530344
530357
530356
530358
530360
530371
530370
530374
530372
530381
530382
530384
530389
530398
530416
530417
530418
530429
530428
530432
530439
530441
530452
530455
530472
530473
530471
530491
530488
530504
530508
530507
530524
530526
530528
530523
530522
530540
530541
530542
530559
530560
530573
530571
530574
530591
530592
530589
530590
530588
530611
530612
530609
530608
530632
530634
530631
530649
530650
530651
530652
530653
